1	
0 0	0
4 0	4
5 0	5
2	
0 0	0
3 0	3
5 0	5
4	
0 0	0
5 0	5
14 0 14
8	
0 0	0
10 1 11
34 1 35
16	
0 1	1
29 2 31
103	4 107
32	
0 1	1
89 3 92
119	4 123
64	
1 11 12
483	7 490
302	11 313
128	
1 23 24
3545 13	3558
633	21 654
256	
3 90 93
27656 40 27696
1459 49	1508
512	
6 334 340
222078 60 222138
3248 119 3367
1024	
12 1341	1353
1704424	118	1704542
6941 219 7160
2048	
20 5079	5099
14178306 275 14178581
16038 543 16581
4096	
31 20940 20971
			
34934 1184 36118
8192	
69 84582 84651
			
75387 2740 78127
16384	
133	342683 342816
			
163202 5973	169175
