1	
0 37 37
7 178 185
12 187 199
2	
0 48 48
8 207 215
19 207 226
4	
0 54 54
14 216 230
44 240 284
8	
0 79 79
31 238 269
110	260	370
16	
0 137 137
88 261 349
271	287	558
32	
1 241 242
379	284	663
666	320	986
64	
1 468 469
2375 320 2695
1559 357 1916
128	
1 838 839
17592 364 17956
3533 406 3939
256	
2 1602 1604
135737 412 136149
7892 466 8358
512	
4 3523 3527
1061841	481	1062322
16942 636 17578
1024	
9 6077 6086
8382680	666	8383346
37103 1253 38356
2048	
40 10027 10067
66961519 724 66962243
82168 1341 83509

